1024
0 1
0 2
0 31
1 5
1 14
2 3
2 4
2 10
2 61
4 5
4 6
6 7
8 9
8 10
9 11
9 30
10 11
11 14
11 15
12 13
12 14
12 15
13 15
14 15
14 20
16 17
16 30
17 18
17 19
18 19
19 22
20 21
20 145
21 22
22 23
24 25
24 26
25 26
25 30
25 31
26 27
28 29
28 30
28 31
29 31
30 31
32 33
32 35
32 39
34 35
34 50
35 36
35 43
36 37
37 38
37 43
38 39
38 41
40 41
40 42
40 43
41 43
41 44
41 45
42 43
42 44
44 45
44 47
45 47
46 47
48 49
48 51
49 50
50 51
50 52
50 59
50 63
52 53
53 55
53 89
54 55
55 56
56 57
56 58
56 63
57 59
58 59
60 61
60 63
61 62
62 63
64 65
64 66
64 116
65 76
66 67
67 70
68 69
68 70
68 83
69 70
69 71
70 71
72 73
72 75
74 75
74 78
76 77
77 78
77 79
78 79
80 81
81 82
81 83
82 83
82 90
83 85
84 85
84 86
86 87
88 89
89 91
89 94
89 95
90 91
92 93
93 94
94 95
96 97
96 98
96 101
98 99
98 110
100 101
101 103
102 103
104 105
104 107
105 107
106 107
107 111
108 109
109 111
110 111
111 114
112 113
112 115
113 114
113 124
114 115
115 118
116 117
117 118
118 119
120 121
120 122
120 123
120 125
122 123
122 127
124 125
124 126
126 127
128 129
128 130
129 130
130 131
130 134
131 142
132 133
132 134
133 134
134 135
135 138
136 137
137 138
137 139
138 139
138 140
138 145
138 241
139 141
139 145
140 141
140 143
142 143
144 145
144 155
145 147
146 147
146 180
147 149
148 149
148 188
149 150
150 151
152 153
152 154
152 157
152 214
154 155
155 158
156 157
156 158
156 159
158 159
158 303
160 161
160 162
162 163
162 167
163 165
164 165
164 167
164 172
165 166
165 167
166 167
168 169
168 171
169 171
170 171
170 172
172 173
172 174
172 175
172 183
174 175
176 177
176 179
177 179
178 179
179 181
180 181
180 182
181 183
182 183
182 184
184 185
184 187
185 186
186 187
187 190
188 189
189 190
190 191
192 193
192 195
193 196
194 195
195 196
196 197
196 202
197 198
197 199
197 217
198 199
198 239
199 382
200 201
201 203
202 203
202 205
204 205
204 207
206 207
208 209
208 214
209 210
210 211
210 213
211 221
212 213
212 215
212 232
214 215
215 217
216 217
216 218
216 219
217 219
217 223
218 219
220 221
221 222
221 223
222 223
223 827
224 225
224 226
224 227
225 226
225 238
225 251
226 227
226 231
228 229
228 230
229 239
230 231
232 233
233 234
233 237
234 235
236 237
236 238
238 239
240 241
241 242
241 244
241 246
241 254
242 243
244 245
244 246
246 247
248 249
248 251
248 252
250 251
252 253
253 255
254 255
256 257
256 270
257 258
258 259
259 263
260 261
260 263
261 262
262 263
264 265
265 267
265 270
266 267
268 269
269 270
270 271
270 286
272 273
272 285
273 274
274 275
275 279
276 277
277 279
277 317
278 279
278 280
280 281
280 282
280 283
281 286
282 283
283 426
284 285
284 286
284 287
285 286
286 287
288 289
288 291
290 291
290 293
291 304
292 293
292 294
292 295
293 295
294 295
295 300
296 297
296 298
296 299
297 299
298 299
299 301
300 301
301 303
301 318
302 303
304 305
304 307
306 307
306 310
308 309
308 319
309 310
310 311
312 313
312 315
312 319
314 315
315 345
316 317
316 318
317 318
318 319
320 321
320 322
321 327
322 323
322 330
324 325
324 327
325 327
326 327
328 329
328 330
330 331
331 332
331 334
332 333
332 334
334 335
334 351
336 337
336 339
336 342
336 343
337 339
338 339
339 343
340 341
341 342
341 343
341 345
342 343
344 345
344 351
345 346
345 380
346 347
346 351
348 349
348 351
349 350
350 351
352 353
353 355
353 409
354 355
355 358
355 360
356 357
357 359
358 359
360 361
360 363
360 367
362 363
362 368
364 365
364 366
364 367
366 367
368 369
368 371
368 372
368 373
368 374
369 370
370 371
372 373
372 378
373 374
373 375
374 375
376 377
376 379
376 383
378 379
378 380
378 383
380 381
380 382
382 383
384 385
384 386
384 389
385 396
386 387
388 389
389 391
389 415
390 391
390 394
392 393
393 395
393 398
394 395
396 397
396 398
397 398
398 399
399 412
400 401
400 403
400 406
400 407
401 403
401 406
401 407
401 410
401 428
402 403
404 405
405 406
405 407
406 407
408 409
408 410
410 411
410 415
412 413
412 415
413 414
414 415
416 417
416 429
417 419
418 419
418 420
418 425
419 420
419 421
420 421
420 423
421 446
422 423
424 425
424 426
424 429
425 427
426 427
428 429
429 430
430 431
432 433
432 435
433 438
434 435
436 437
436 438
436 442
437 438
437 439
438 439
440 441
441 442
441 443
442 443
442 446
443 446
444 445
444 447
446 447
446 496
448 449
448 451
449 456
450 451
450 454
450 455
451 452
451 454
451 455
451 486
452 453
453 455
454 455
456 457
457 458
458 459
458 466
458 510
459 463
460 461
461 463
462 463
464 465
464 467
464 470
465 466
466 467
466 476
466 478
468 469
468 470
470 471
470 479
472 473
472 475
473 474
473 475
473 479
474 475
475 479
476 477
476 479
478 479
480 481
480 482
480 483
482 483
483 486
484 485
484 486
485 492
485 506
486 487
488 489
488 491
490 491
491 495
492 493
493 495
494 495
496 497
496 498
496 499
496 506
497 503
498 499
498 503
500 501
501 503
501 504
502 503
504 505
504 507
505 506
505 508
506 507
508 509
508 510
508 511
510 511
512 513
513 515
514 515
514 516
515 517
515 518
516 517
516 519
518 519
518 522
520 521
521 522
521 523
522 523
522 537
523 527
524 525
524 526
525 529
525 535
526 527
528 529
528 530
529 530
529 531
530 531
530 534
532 533
532 535
532 542
533 535
534 535
536 537
536 538
536 574
537 568
538 539
538 541
540 541
541 542
542 543
544 545
544 546
545 548
546 547
548 549
548 558
548 573
549 551
550 551
552 553
552 555
553 559
554 555
556 557
556 558
556 559
557 559
558 559
558 568
560 561
560 563
560 565
561 562
561 574
562 563
563 565
564 565
565 566
566 567
567 569
568 569
568 571
570 571
570 572
572 573
572 574
572 575
573 574
574 575
574 638
576 577
576 579
576 582
578 579
578 581
578 583
578 588
580 581
580 583
581 583
581 589
582 583
583 603
584 585
584 587
584 591
585 588
586 587
588 589
588 590
590 591
592 593
593 594
593 602
594 595
594 600
595 597
596 597
597 598
598 599
600 601
600 602
602 603
602 605
604 605
604 606
604 630
606 607
608 609
608 613
609 610
609 615
610 611
610 883
611 620
612 613
612 614
613 615
614 615
616 617
616 619
616 620
616 621
616 622
617 619
617 627
618 619
620 621
621 622
622 623
624 625
624 630
624 638
625 627
625 735
626 627
626 630
628 629
628 630
629 631
629 637
630 631
632 633
632 638
633 635
633 639
634 635
634 636
634 638
636 637
636 639
637 638
638 639
640 641
641 643
642 643
643 644
643 652
644 645
645 647
646 647
648 649
649 650
649 651
650 651
651 654
651 665
652 653
653 654
653 655
654 655
654 663
656 657
656 661
656 662
657 658
658 659
659 662
660 661
660 662
662 663
662 670
663 665
664 665
664 669
664 671
665 666
665 667
666 667
666 669
666 697
667 669
668 669
669 671
669 695
670 671
672 673
672 678
673 675
674 675
676 677
676 678
678 679
679 681
680 681
680 685
681 682
682 683
682 685
682 699
684 685
684 699
685 686
685 687
686 687
688 689
688 690
688 691
688 695
689 692
689 693
689 694
690 691
690 692
690 694
690 745
691 693
691 697
692 693
693 694
694 695
696 697
696 699
697 699
697 702
698 699
700 701
700 702
702 703
704 705
704 706
705 706
706 707
706 710
708 709
708 710
708 714
710 711
710 714
711 722
712 713
712 714
713 715
714 715
714 717
716 717
716 719
717 719
718 719
720 721
720 722
721 722
721 727
722 723
723 726
724 725
725 726
725 735
726 727
728 729
728 731
729 734
730 731
730 733
731 761
732 733
732 734
734 735
736 737
736 738
736 739
736 761
737 739
737 745
737 753
738 739
738 742
740 741
740 742
740 754
742 743
744 745
744 747
745 747
745 754
746 747
746 748
746 750
748 749
748 750
750 751
752 753
752 754
752 755
752 758
753 754
753 759
753 761
754 755
756 757
756 758
757 758
758 759
760 761
761 763
761 767
762 763
763 764
764 765
765 767
766 767
768 769
768 770
770 771
770 774
772 773
772 774
774 775
774 778
776 777
777 779
778 779
778 780
780 781
781 782
781 861
782 783
782 786
784 785
784 789
785 787
785 791
786 787
787 794
788 789
788 790
789 790
790 791
792 793
792 795
793 794
793 798
794 795
794 807
796 797
797 798
798 799
800 801
801 802
801 803
801 804
802 803
802 809
803 804
804 805
804 806
804 814
806 807
808 809
808 810
808 811
808 814
808 815
809 811
810 811
812 813
812 814
813 814
813 817
814 815
814 986
816 817
817 819
818 819
819 820
819 823
820 821
820 822
822 823
822 826
824 825
824 826
826 827
826 828
828 829
828 830
830 831
832 833
832 835
832 839
834 835
836 837
836 839
837 839
837 843
838 839
838 841
839 871
840 841
840 842
840 851
842 843
843 846
844 845
844 846
846 847
848 849
848 851
848 885
849 853
849 854
849 855
850 851
852 853
852 854
853 862
854 855
856 857
856 859
857 860
858 859
860 861
861 863
862 863
864 865
864 867
864 868
865 868
865 871
866 867
868 869
869 871
869 873
870 871
870 888
872 873
873 875
874 875
875 876
876 877
876 878
878 879
880 881
880 884
880 891
881 882
882 883
884 885
885 886
886 887
888 889
889 890
889 893
890 891
892 893
893 895
894 895
896 897
896 898
897 903
898 899
898 900
899 906
900 901
901 902
901 903
902 903
903 905
904 905
905 906
905 911
906 907
907 910
907 946
908 909
908 911
909 910
909 911
910 911
910 925
912 913
912 916
912 927
913 914
913 915
914 915
914 918
916 917
916 918
916 919
917 918
917 919
917 924
918 919
918 920
920 921
921 922
921 927
922 923
924 925
925 926
926 927
928 929
929 931
929 935
930 931
932 933
932 934
933 934
933 939
934 935
934 938
936 937
936 939
937 941
938 939
939 942
940 941
940 942
941 942
942 943
943 946
944 945
944 947
944 957
945 946
946 947
947 951
948 949
949 950
949 952
950 951
951 1004
952 953
952 954
952 955
954 955
954 956
956 957
957 958
957 959
958 959
960 961
961 963
962 963
963 966
963 971
963 981
963 988
964 965
965 967
966 967
966 969
966 975
968 969
968 970
969 971
969 973
970 971
971 972
972 973
973 975
974 975
976 977
977 978
977 980
978 979
979 986
980 981
981 983
982 983
984 985
984 991
985 986
986 987
988 989
988 991
990 991
991 1023
992 993
992 995
992 998
993 998
993 1006
994 995
996 997
996 999
996 1002
997 998
998 999
1000 1001
1000 1002
1001 1003
1002 1003
1002 1006
1002 1007
1003 1004
1003 1006
1004 1005
1004 1006
1006 1007
1007 1008
1008 1009
1008 1023
1009 1010
1009 1011
1009 1015
1009 1018
1010 1011
1010 1022
1012 1013
1013 1015
1014 1015
1016 1017
1016 1021
1017 1018
1017 1022
1017 1023
1018 1019
1020 1021
1020 1023
1022 1023
